Any[0,1,1,0,0,0,1,0,0,1]
Any[0,1,1,0,0,1,0,0,0,0]
Any[0,1,0,1,0,1,1,0,0,1]
Any[1,0,1,0,1,1,1,0,0,1]
Any[0,0,1,0,0,0,0,1,1,0]
Any[0,0,1,0,0,0,0,1,0,1]
Any[0,1,0,1,0,0,0,0,0,1]
Any[1,0,0,0,0,1,1,0,0,0]
Any[0,0,1,0,0,0,1,0,0,0]
Any[0,0,1,0,0,0,0,1,0,0]
Any[0,1,0,0,0,1,1,0,0,0]
Any[0,1,1,0,0,1,0,1,0,1]
Any[0,0,1,0,0,0,0,0,0,1]
Any[0,1,1,0,0,0,1,0,0,1]
Any[0,1,0,1,1,0,0,0,0,0]
Any[0,0,0,0,1,0,0,1,0,0]
Any[1,0,1,0,1,0,0,0,0,0]
Any[0,0,1,0,0,1,0,0,0,0]
Any[0,0,0,0,0,0,0,0,1,1]
Any[0,0,0,0,0,0,1,1,0,0]
Any[0,1,0,0,0,0,0,0,0,0]
Any[0,0,1,0,0,1,1,0,0,0]
Any[0,0,0,0,1,0,1,0,1,0]
Any[0,1,1,0,1,1,0,0,1,0]
Any[0,0,1,1,0,1,0,0,0,1]
Any[0,0,0,0,1,0,0,1,1,0]
Any[1,0,0,0,0,0,1,0,1,0]
Any[0,0,0,1,0,0,0,1,0,1]
Any[0,0,0,0,1,0,0,0,0,1]
Any[0,1,1,1,1,1,1,1,1,0]
Any[0,0,1,0,1,1,0,1,0,1]
Any[1,0,0,0,0,1,0,0,0,0]
Any[0,1,0,0,0,1,0,0,0,0]
Any[0,0,0,0,0,0,1,0,1,1]
Any[0,1,1,1,0,1,0,0,0,1]
Any[1,1,0,1,1,0,0,1,1,0]
Any[0,0,1,0,0,0,0,1,0,0]
Any[1,0,1,0,0,0,0,0,0,0]
Any[0,0,1,1,0,0,0,0,0,0]
Any[0,1,0,0,1,0,0,0,1,1]
Any[1,1,0,0,1,1,1,0,0,0]
Any[0,0,1,1,0,0,0,1,0,0]
Any[0,0,0,0,1,0,1,0,0,0]
Any[1,0,0,0,0,0,0,0,0,0]
Any[0,0,0,0,0,0,0,0,0,0]
Any[0,1,0,0,0,1,1,1,1,0]
Any[1,0,0,1,0,1,0,0,0,1]
Any[0,1,1,0,0,1,0,0,0,0]
Any[0,1,0,0,0,0,0,1,0,0]
Any[1,0,1,0,0,1,0,0,0,1]
Any[1,1,0,0,0,1,0,0,0,0]
Any[1,1,1,0,0,0,0,0,0,1]
Any[0,1,1,0,0,1,0,0,0,0]
Any[0,0,0,1,0,1,1,0,0,0]
Any[0,0,1,0,0,0,0,1,0,0]
Any[0,0,1,1,0,0,0,1,0,0]
Any[0,0,0,1,0,1,1,0,0,0]
Any[1,1,0,0,0,0,0,0,0,1]
Any[0,0,1,0,0,0,1,0,0,0]
Any[0,0,1,0,0,0,0,1,0,0]
Any[0,1,0,0,0,1,0,0,0,1]
Any[0,1,1,1,0,0,0,0,0,0]
Any[0,0,1,0,0,0,1,0,0,0]
Any[1,1,1,0,0,0,0,0,0,1]
Any[0,1,0,1,1,0,0,0,0,0]
Any[0,0,1,0,1,0,0,0,0,0]
Any[0,0,1,0,1,0,0,0,0,0]
Any[0,0,1,0,0,1,0,0,0,0]
Any[0,0,0,0,0,0,1,1,0,0]
Any[0,0,0,0,0,0,0,0,1,0]
Any[0,1,1,0,0,1,1,0,0,0]
Any[0,0,0,0,0,0,0,0,1,0]
Any[0,1,0,0,0,0,0,0,1,0]
Any[0,1,1,0,1,1,0,0,0,0]
Any[0,0,1,0,0,1,0,0,0,0]
Any[1,0,0,0,1,0,0,1,0,0]
Any[1,0,0,0,0,0,0,1,0,0]
Any[0,1,0,1,1,0,0,0,0,0]
Any[0,0,1,0,0,1,0,0,0,0]
Any[0,1,1,1,1,0,0,0,0,0]
Any[1,0,1,0,0,1,0,0,0,0]
Any[1,0,0,0,0,1,0,0,0,1]
Any[0,0,0,0,0,1,1,0,0,0]
Any[0,1,1,0,0,1,0,0,0,0]
Any[0,1,1,0,0,1,0,0,0,0]
Any[0,1,1,1,1,0,0,0,0,0]
Any[0,0,1,1,0,0,0,0,0,0]
Any[1,0,0,0,0,0,0,1,0,0]
Any[0,0,1,1,0,0,0,0,0,0]
Any[0,1,0,1,1,0,0,0,0,0]
Any[1,1,0,0,0,1,0,0,0,0]
Any[0,1,1,1,0,0,0,0,0,0]
Any[0,0,1,0,1,0,0,0,0,0]
Any[1,1,0,0,0,0,0,0,0,1]
Any[0,0,1,0,1,0,0,0,0,0]
Any[0,0,0,0,0,0,1,1,0,0]
Any[1,0,0,0,1,0,0,0,0,0]
Any[0,1,1,1,0,0,0,0,0,0]
Any[0,1,0,0,0,1,0,0,0,1]
Any[1,0,1,0,0,0,0,1,0,0]
